4.07251e-13 5.45181e-14 0 4.98348e-12 0 0
1.71197 -0.11366 0 -0.297961 0 0
2.44798 -0.410385 0 -0.269134 0 0
3.1295 -0.676313 0 -0.241003 0 0
4.32156 -1.1143 0 -0.153169 0 0
4.94088 -1.25503 0 0.155554 0 0
5.43689 -1.24718 0 -0.00266907 0 0
6.25898 -1.41049 0 -0.298066 0 0
7.29337 -1.8099 0 -0.27508 0 0
9.04227 -1.89578 0 -0.246159 0 0
10.237 -2.07279 0 -0.326262 0 0
11.2868 -2.29523 0 -0.364765 0 0
12.703 -2.80383 0 -0.312157 0 0
13.582 -3.05077 0 -0.199235 0 0
14.838 -3.21887 0 -0.114859 0 0
16.0353 -3.26022 0 -0.193023 0 0
17.1574 -3.3757 0 -0.26648 0 0
18.3788 -3.60082 0 -0.338031 0 0
19.6079 -4.03451 0 -0.331975 0 0
20.899 -4.38119 0 -0.287092 0 0
22.9879 -4.68465 0 -0.0598509 0 0
23.6001 -4.67794 0 -0.0351376 0 0
24.5763 -4.73505 0 -0.455242 0 0
25.2394 -5.17818 0 -1.1936 0 0
25.4126 -5.45801 0 -1.94768 0 0
24.8909 -6.76756 0 -1.81573 0 0
24.53 -8.16144 0 -1.84424 0 0
24.1759 -9.46276 0 -1.84666 0 0
24.0042 -10.9566 0 -1.47009 0 0
23.892 -12.2616 0 -2.57761 0 0
22.6782 -12.5665 0 2.85725 0 0
20.3181 -12.1412 0 3.11523 0 0
18.1148 -12.442 0 3.09163 0 0
16.5362 -12.4314 0 3.02517 0 0
15.4734 -12.3385 0 3.01 0 0
13.9594 -12.2564 0 3.02036 0 0
12.4296 -12.1762 0 3.10013 0 0
10.5993 -12.507 0 -3.00939 0 0
8.12071 -13.1957 0 -2.89207 0 0
5.57998 -13.7991 0 -3.00487 0 0
2.69254 -14.3504 0 -2.96706 0 0
-0.42079 -15.1378 0 -2.90736 0 0
-2.85781 -16.0319 0 -2.77665 0 0
-5.1337 -16.904 0 3.04095 0 0
-6.22823 -16.0143 0 1.40277 0 0
-6.19731 -14.2653 0 1.6771 0 0
-6.54011 -12.8384 0 1.74304 0 0
-6.7509 -11.9493 0 1.71234 0 0
-6.9681 -11.0603 0 1.69029 0 0
-7.06636 -10.5865 0 1.67458 0 0
-6.86063 -10.0941 0 1.61496 0 0
-6.937 -9.4551 0 1.60764 0 0
-7.02967 -8.75927 0 1.63154 0 0
-7.14121 -8.00457 0 1.65404 0 0
-7.29088 -7.08528 0 1.69656 0 0
-7.54813 -5.42377 0 1.1634 0 0
-6.60188 -4.68862 0 0.0900489 0 0
-5.01415 -4.4834 0 0.220142 0 0
-3.69837 -4.07808 0 0.288157 0 0
-1.75631 -3.21567 0 0.378145 0 0
-0.804247 -2.8138 0 0.216217 0 0
-0.212259 -2.59261 0 0.0143612 0 0
0.111966 -2.4674 0 -0.10807 0 0
1.2728 -2.11906 0 0.0886226 0 0
2.4447 -1.92177 0 -0.251553 0 0
2.96506 -1.89053 0 -0.340684 0 0
4.2384 -2.08619 0 -0.416611 0 0
4.98668 -2.30248 0 -0.561611 0 0
5.84073 -2.30727 0 0.0389535 0 0
6.71401 -2.13248 0 -0.319957 0 0
7.92931 -2.39117 0 -0.397131 0 0
9.70891 -2.66268 0 -0.206723 0 0
11.5369 -2.52758 0 -0.371136 0 0
12.5098 -3.10489 0 -0.487437 0 0
13.1305 -3.5849 0 -0.41979 0 0
14.1491 -4.20286 0 -0.243108 0 0
15.3259 -4.36683 0 -0.14916 0 0
16.5575 -4.40797 0 -0.0878621 0 0
17.9268 -4.47783 0 -0.0956236 0 0
18.8171 -4.48737 0 -0.200679 0 0
19.8734 -4.65924 0 -0.209474 0 0
20.9361 -4.80801 0 -0.191381 0 0
22.7348 -5.04093 0 -0.225422 0 0
24.4731 -5.35508 0 -0.26566 0 0
25.9418 -5.94955 0 -1.34776 0 0
25.7809 -7.55792 0 -1.97354 0 0
25.4607 -8.55457 0 -1.861 0 0
25.3106 -9.88785 0 -1.72873 0 0
25.1173 -11.1743 0 -1.62779 0 0
25.1246 -12.7529 0 -1.74186 0 0
24.3156 -14.1688 0 -2.85668 0 0
23.3493 -14.3046 0 2.92938 0 0
21.3622 -14.0413 0 3.11186 0 0
19.2917 -14.4187 0 -2.79667 0 0
18.3594 -15.1425 0 -2.572 0 0
17.7067 -15.682 0 -2.48262 0 0
17.4103 -16.141 0 -1.70715 0 0
17.4578 -16.9432 0 -1.52471 0 0
17.5076 -17.7425 0 -1.558 0 0
17.5259 -18.0337 0 -1.61101 0 0
17.3802 -18.8922 0 -2.08398 0 0
16.996 -19.9999 0 -2.48212 0 0
16.919 -20.2097 0 3.0908 0 0
16.5887 -20.1914 0 2.90559 0 0
15.4786 -20.1166 0 -3.07422 0 0
14.1813 -20.28 0 3.03472 0 0
13.2176 -20.1259 0 2.8215 0 0
12.2893 -20.1065 0 -2.83223 0 0
11.2675 -20.5331 0 -2.93287 0 0
10.1674 -20.717 0 3.02862 0 0
8.92073 -20.5605 0 2.97717 0 0
7.45226 -20.4911 0 -3.11735 0 0
5.6779 -20.7269 0 -3.13834 0 0
4.13859 -20.7031 0 3.0327 0 0
2.89818 -20.6268 0 2.99416 0 0
1.21799 -20.5101 0 3.01654 0 0
-0.0221537 -20.4175 0 3.02317 0 0
-1.66583 -20.2971 0 2.98647 0 0
-3.11638 -20.2292 0 3.00119 0 0
-4.01026 -19.9562 0 2.55985 0 0
-4.73288 -19.0453 0 1.48496 0 0
-4.60664 -18.0891 0 1.39717 0 0
-4.60367 -17.0506 0 1.57362 0 0
-4.64781 -15.6506 0 1.43864 0 0
-4.55984 -13.857 0 1.56078 0 0
-4.71864 -12.0149 0 1.57507 0 0
-4.81402 -10.3305 0 1.53929 0 0
-4.85699 -8.88973 0 1.55498 0 0
-4.94249 -6.8602 0 1.54746 0 0
-5.1043 -4.93897 0 1.64454 0 0
-5.31965 -3.56212 0 1.67624 0 0
-5.32961 -2.33027 0 1.42724 0 0
-5.18177 -1.51528 0 0.97376 0 0
-4.76481 -1.02183 0 -0.21156 0 0
-3.91064 -1.07255 0 -0.0116703 0 0
-1.99085 -0.901882 0 0.128018 0 0
-0.609741 -0.689493 0 0.134112 0 0
1.2535 -0.0814152 0 0.379616 0 0
2.3041 0.282957 0 -0.0135033 0 0
3.16683 0.266236 0 -0.295182 0 0
3.36705 0.250279 0 -0.324732 0 0
3.36689 0.250484 0 -0.324679 0 0
3.36714 0.250286 0 -0.324638 0 0
